# Created by Octave 9.2.0, Fri Dec 06 07:39:37 2024 MST <dirish@am1>
# name: C
# type: scalar
2


# name: gamma
# type: scalar
3.0517578125e-05


# name: A
# type: matrix
# rows: 11
# columns: 10
 75.936000000000007 75.936000000000007 75.936000000000007 75.936000000000007 75.936000000000007 75.936000000000007 75.936000000000007 75.936000000000007 75.936000000000007 75.936000000000007
 75.936000000000007 75.936000000000007 75.936000000000007 75.936000000000007 75.936000000000007 75.936000000000007 75.936000000000007 75.936000000000007 75.936000000000007 75.936000000000007
 76.048000000000002 75.876000000000005 75.831999999999994 75.867999999999995 75.903999999999996 75.939999999999998 75.936000000000007 75.936000000000007 75.936000000000007 75.936000000000007
 76.256 75 73.168000000000006 73.424000000000007 74.763999999999996 75.608000000000004 75.903999999999996 75.944000000000003 75.939999999999998 75.939999999999998
 75.652000000000001 72.900000000000006 70.947999999999993 72.352000000000004 74.599999999999994 75.563999999999993 75.900000000000006 75.944000000000003 75.939999999999998 75.939999999999998
 74.287999999999997 70.980000000000004 69.971999999999994 72.096000000000004 74.536000000000001 75.567999999999998 75.900000000000006 75.944000000000003 75.939999999999998 75.939999999999998
 72.775999999999996 69.784000000000006 69.372 71.971999999999994 74.528000000000006 75.567999999999998 75.900000000000006 75.944000000000003 75.939999999999998 75.939999999999998
 71.652000000000001 68.927999999999997 69.296000000000006 71.956000000000003 74.528000000000006 75.567999999999998 75.900000000000006 75.944000000000003 75.939999999999998 75.939999999999998
 70.647999999999996 68.644000000000005 69.275999999999996 71.963999999999999 74.528000000000006 75.567999999999998 75.900000000000006 75.944000000000003 75.939999999999998 75.939999999999998
 69.760000000000005 68.656000000000006 69.284000000000006 71.963999999999999 74.528000000000006 75.567999999999998 75.900000000000006 75.944000000000003 75.939999999999998 75.939999999999998
 69.543999999999997 68.644000000000005 69.284000000000006 71.963999999999999 74.528000000000006 75.567999999999998 75.900000000000006 75.944000000000003 75.939999999999998 75.939999999999998


